8529
9880
5024
4767
3967
6644
969
9659
9022
3032
9917
5446
9204
7579
104
2260
2
7158
6036
8898
2499
4892
5730
7593
3360
2225
6125
6605
1367
9643
3547
5456
2165
6533
7932
6191
4728
9458
7703
4516
4785
2170
2169
1463
8292
4485
8562
9904
9664
1294
6157
470
4074
86
3380
5223
5610
1080
510
5951
4642
5940
119
2814
9222
113
658
4103
4097
649
6925
9367
8657
4491
669
3516
3669
1214
4185
2135
5461
6735
6547
9480
9603
9676
603
8768
8207
3799
3947
767
7479
1368
120
6827
8788
5272
4934
8184
6934
9862
4172
8219
1908
8178
9785
8808
7015
7681
3610
2215
8049
2952
1716
3590
5449
6262
4790
2467
7710
5383
8668
7164
1741
6765
235
4940
5575
9157
7459
4572
1065
4148
4978
7515
3791
7597
1414
9554
587
2010
4721
4151
7202
5085
1401
5558
2622
2056
3750
4734
8553
5662
5143
8188
134
6144
3096
1745
6583
5100
2765
6710
222
1570
4309
5382
475
2282
5462
8356
7807
3272
5437
276
931
8337
8727
9455
2288
4043
746
6717
8789
4977
5179
126
183
8961
2853
1053
7262
5807
1545
8002
3484
5207
2486
2289
2691
3802
3863
6773
6386
8659
7979
8198
787
6174
6895
3340
8928
3429
3601
1232
9745
7561
7975
6762
8595
5110
7124
1720
9783
6514
9972
5524
4943
6110
9586
1426
2953
3789
4437
7333
6642
870
747
2438
3566
3606
2533
9147
2534
2141
7500
665
6223
5118
2855
5362
5195
519
841
6515
3322
7064
3492
2040
1669
9873
4078
4453
6911
3633
7563
4393
1009
4901
8380
7738
7035
685
1382
2842
7339
1942
1493
9102
3116
5787
9426
6401
4819
439
7070
4397
5428
3225
2903
5406
102
3968
5664
3589
4505
2892
5296
1351
9218
754
2702
886
5395
9528
7629
1930
914
8171
8882
8040
1012
8390
5402
1738
2402
4567
5553
4964
7451
5060
2488
2158
5845
5999
1101
2671
1424
4770
728
47
5824
5038
1039
3817
3426
3935
75
8968
5352
1864
8308
6049
5761
4228
6365
103
3735
7560
4350
1433
695
1184
7220
2915
3257
5260
7476
6803
8481
4877
1378
4100
9508
9006
4551
220
8107
9294
6546
2601
9771
3468
8776
9275
928
5943
1071
2016
6495
6408
261
847
9590
342
2552
2494
682
240
5215
6692
4054
9149
7295
3495
8673
7395
8329
5835
8602
3556
1794
7089
8930
1307
1377
1403
8070
5818
8867
8500
4079
7963
2162
4667
9468
5331
2132
6221
1664
8681
8182
1771
7832
3223
3933
8407
4899
42
8250
227
4421
1590
3144
8287
1567
7557
2817
9539
1822
5830
7783
7437
6064
1807
9767
441
8627
4867
9342
6914
3034
1452
6951
4452
4114
3565
5986
8344
9729
1932
6133
283
3966
6394
3936
9279
9504
7669
551
8112
7187
8507
7221
9970
4322
7748
5666
6146
4866
4723
455
6980
4580
8650
1967
6639
7045
1725
2256
5290
7190
890
5208
7720
5303
390
8225
4058
7904
6701
9871
2597
929
834
7582
9115
3662
3582
3298
4838
3792
6944
1903
6218
3756
8786
3761
4935
1438
4692
184
6679
301
3352
36
8940
8204
6278
4486
3745
6829
9434
4837
4595
8186
6544
5955
7993
9497
6668
4353
1550
1820
9777
6175
2026
7989
5797
9169
1326
5937
2658
3249
6548
778
5426
7376
3110
6722
3166
7954
4030
6549
2285
6111
1459
3326
5480
5506
7776
3809
6704
4206
6669
2426
6655
1686
300
9228
6257
5982
2015
4676
4117
6209
3990
2886
5822
5606
4732
6335
83
9093
9467
7396
1983
2462
4455
5077
6931
2133
2266
8187
829
580
4862
449
1042
4139
3987
1158
5419
9632
816
1079
6967
4464
5248
4957
3358
3500
9860
5567
8763
2578
7725
2357
7405
4354
2889
2940
66
2411
9351
4482
4882
6659
4846
9241
1061
6522
1505
317
8870
8104
9760
298
1646
2446
6003
5735
8618
1057
9997
6040
9154
8807
8091
4919
2773
4291
7906
9911
2791
4445
9194
5385
3948
5154
2134
5291
2339
7315
106
3569
9293
9935
84
3277
7569
7082
2013
6059
7697
7590
1475
842
4018
9937
8945
1298
432
2835
3255
7100
459
7696
1020
5885
4773
1729
3130
5671
4095
4136
4471
2862
3869
5448
6648
7573
8258
1994
9406
5040
6182
1419
2668
1190
9168
3878
7210
3448
2581
9138
9445
3452
7426
868
7412
5708
6974
7
2174
3174
9724
262
2166
1008
6108
1434
2956
9693
4886
1290
5168
192
3704
1815
5644
9353
7321
915
8760
3054
1906
5458
3258
8113
6356
8622
1503
759
2035
4109
8422
2816
6342
5380
5294
6519
9336
1626
4156
554
9163
3538
1196
3438
334
4176
3103
503
6217
9763
1610
6654
6941
679
5657
3016
5081
7411
7895
8195
7728
1407
1128
4526
6629
7237
8832
116
7460
7370
1299
5794
3960
5240
4484
5750
375
313
5873
5902
2390
1509
3868
5509
7798
4592
7988
3785
2227
51
9428
4661
4769
5087
711
1076
8173
3427
4454
4209
1582
3837
4115
8325
480
9864
6437
6817
3941
2092
7572
9430
1110
7657
4621
4102
4597
3377
4778
6961
5093
6910
4679
1831
7617
633
1235
3308
4489
727
7106
7159
9188
6646
4433
2091
5300
9893
1345
4951
7950
2720
713
2474
1779
9405
9886
7336
6907
5731
6532
8087
5630
4026
9067
6271
3320
4443
3816
4529
8340
9134
1106
8094
4183
1944
3092
8920
1385
3957
3618
9333
5836
128
8291
9912
5941
9209
1870
526
1844
9608
4341
7760
252
5961
5968
6520
9186
91
2157
7302
8843
599
7117
7465
8001
6419
431
5255
94
9815
4552
9413
4197
9789
8943
7249
7522
2384
4348
9272
9804
2464
7113
9924
9340
7423
2783
5473
2188
7002
7417
1317
3736
3994
8969
838
5237
7170
2528
5883
8539
8572
7065
7759
4262
1954
5813
9536
5586
5921
7671
7586
1731
7731
1522
1134
8925
416
7951
5727
3205
9780
6574
3949
4266
9502
7309
824
5317
1838
224
6255
7620
3404
9969
8620
4034
6170
1645
7349
2334
3487
5002
6070
7011
4830
5214
9741
4812
5438
7705
1130
3976
1174
2878
4955
174
4292
4844
6846
2784
840
8731
1094
3588
9897
512
3392
3398
1619
2990
6665
3233
6351
241
7510
3387
3480
4469
5160
3741
4006
7622
1083
572
1275
9354
6897
6412
5266
3882
6577
2786
7684
9484
4017
1173
3362
7361
1147
2995
7833
2510
1085
9574
122
9033
4659
189
7455
1089
7980
9448
4149
1796
5600
7564
2859
707
9920
6697
6088
8998
4818
7866
3108
9808
8462
7559
5875
5436
6354
5759
5414
4294
541
4777
8554
7939
346
4810
6929
98
696
7542
1765
4986
2069
7024
6102
4745
8474
8154
3630
7261
7270
1480
4002
7296
7212
1000
2224
8911
1696
3570
1622
4128
7588
3769
8818
245
8877
1733
974
257
5612
4652
2063
4800
7849
2665
5016
8526
1441
9788
2907
5918
7589
5336
169
6916
9506
4701
7231
1194
5551
256
5367
9546
4948
3978
7224
1700
4856
6736
5447
4478
4374
1193
7961
2807
3011
7363
6808
6030
7156
1315
151
2771
1245
9959
4949
2117
626
9829
8445
8024
9994
8208
8246
7379
9151
5361
9807
9344
1877
5856
9086
8221
8314
4184
1226
4609
1915
6656
3962
637
5464
172
274
5502
5648
4535
6095
369
1318
6104
5445
2846
9200
5010
8008
8842
8916
1572
3988
745
5619
1845
2246
5407
9390
570
6052
253
5736
497
8487
9411
6420
5435
5147
3490
9276
5518
3861
3201
4441
2121
5513
7441
9706
882
3694
9239
1709
8262
8652
1148
8155
4171
9110
448
8729
2226
6260
136
3074
6477
7204
8142
260
3875
8848
9212
9984
5221
1129
6383
8670
195
4622
8083
7365
6060
8334
2975
8809
6505
6890
6789
3777
4544
1743
6080
1230
8042
8683
6061
6148
4521
7422
1940
1164
8259
9716
1819
95
2514
6176
7850
9010
4559
4762
985
3296
7687
6219
6484
3318
355
9947
8278
3079
7047
4967
5308
5622
1554
2801
365
9449
8285
3479
1462
1922
3421
4976
5483
6378
6355
4178
830
4259
5017
8249
4586
7326
3973
5293
1168
7541
8279
5161
1543
1408
3830
5185
1740
5566
9711
4285
2700
4157
6682
2850
4545
124
8213
6244
6451
9665
2961
7817
1703
6906
5878
2511
961
2806
7053
9863
9167
2571
7471
7077
6616
1268
7734
3195
4343
7948
2992
4942
3943
1095
8343
8520
4194
2202
8684
655
3147
3780
2871
2500
2698
706
254
909
7260
1878
6677
581
2012
3091
291
3856
3880
4460
7037
9288
3112
8992
638
6300
1581
8591
7282
4000
5399
5843
4013
1757
9319
3972
6992
4798
8402
3506
1578
6968
9237
8845
9750
1651
4370
3466
6598
794
5159
7184
8714
5917
5487
3970
8601
6952
4638
6225
825
4736
9761
1263
9145
4509
2748
2989
5618
823
1461
5601
6816
4093
712
131
9517
3228
8415
4450
4633
1040
1852
2939
5326
4802
3094
2902
3133
1116
1383
907
2746
7043
6153
6448
3348
1395
9818
3722
9475
9060
1528
7165
7272
4540
1504
9977
9043
1834
3637
2057
871
2112
9813
8569
6190
9983
5283
4983
5000
8800
939
5418
7863
8486
9762
4049
4447
3412
8297
4584
8790
1171
1987
7894
1817
3346
5987
7466
3262
6058
1775
3485
9943
6213
9778
9624
3900
8365
1715
4080
4649
9331
7290
5675
9612
5013
946
3329
7909
3131
6192
9856
7802
597
8431
6228
6393
5577
9438
29
9258
9393
5929
3636
2539
1871
3685
438
9320
2220
9781
4624
3099
1924
9591
5810
5131
5345
3767
1984
722
7063
2387
5212
9500
2182
1985
7639
3097
9362
4737
717
3215
7462
8371
7733
7095
2849
9527
4911
2790
3804
6853
7255
8269
5359
3810
9322
6587
6252
686
1217
6640
5216
5155
6950
2502
5381
6674
5616
9243
9593
9749
5023
3197
9979
2868
8796
6046
7695
4534
1707
2933
9713
6347
1631
6141
2945
2190
2981
3583
5491
2798
2737
3986
4119
6135
2589
6867
690
594
6120
2637
9572
5969
6942
2445
3821
4814
6210
7386
5858
3808
9746
4511
8333
2093
9692
880
358
8158
2758
9537
6131
3400
6706
6680
7334
990
8050
8476
9623
8322
9242
3695
5323
968
708
2673
60
8747
8859
3188
3217
534
1366
2647
5457
3235
4190
5629
223
691
7094
3153
748
5993
8827
9216
9304
3944
1105
3836
9380
7492
8698
7871
5758
1634
5071
6121
634
812
8288
8690
88
5632
2912
5777
3621
8812
4399
3350
4005
3169
9100
5471
7631
3712
5036
1118
3381
5570
916
82
6635
2496
3471
6620
9828
2308
8606
188
6010
2620
1220
2085
2935
8856
3665
7655
6206
5319
8926
1847
8984
4858
7581
3465
9602
4211
3958
392
6703
1146
7839
9714
8400
6536
1516
6245
6664
2424
1356
8065
6279
6143
11
1258
5156
8890
1695
4806
2736
2624
8866
9952
7163
6904
2294
2243
331
7344
4568
8993
1537
650
8145
6413
6113
2779
3293
4500
3550
4801
2994
5841
6667
4352
856
5424
3142
9195
7111
1953
4577
5720
7516
3043
6579
9806
930
1586
1136
796
9081
3187
5206
4269
9078
1555
8122
804
978
6460
4932
3454
7916
5417
4113
2706
1529
3552
6463
9280
1013
3118
7907
3356
3366
786
8603
6894
4917
161
4466
3548
2861
8240
5157
605
1744
6306
8841
8473
9743
7719
3923
6362
832
5604
7518
9418
1350
9207
8853
3541
1898
2604
565
2749
1335
3018
3414
8903
4297
478
2573
6848
9851
171
1316
2872
6552
5104
5538
7415
3558
4857
795
2562
6879
718
9178
6650
7151
620
153
5804
6474
7994
6581
3063
869
1766
2248
8561
9478
4463
8357
9177
9454
1348
1114
5680
9499
8981
79
8991
3519
7180
7830
287
6391
6325
3474
3655
7355
6837
8266
7529
641
3530
4671
7928
4632
7007
5047
8098
2203
4992
654
4293
9703
5962
836
7818
71
5366
4024
7265
9798
6379
5463
7810
6057
4573
8382
700
1843
3772
1506
9688
4483
1397
7595
8532
9700
6603
4636
5044
6555
1344
3307
6666
4928
535
4359
8411
975
7126
7392
8043
7394
1976
8785
6769
1678
6984
44
219
1809
181
9074
8721
7938
9816
2594
5286
9183
2617
9855
2569
2542
2632
1723
2930
8268
7771
6480
8265
7499
239
7745
9429
4717
3211
4518
5723
2928
8403
7001
1090
9607
7198
9701
7689
5416
8502
7875
2381
8594
7592
1216
9582
5511
5608
618
1881
191
5205
7105
3313
4658
4001
9691
1032
8592
8861
4233
3087
1632
2969
6238
332
1538
6892
5339
9955
2709
3167
3064
2136
5839
196
3865
6784
4147
3040
9992
2683
1157
5667
8047
8059
1760
6836
3700
7967
1002
5861
3946
8600
302
5737
1584
422
5925
2646
9318
4052
3297
1188
4163
7140
737
6972
7179
1791
5681
3643
5972
5172
3721
8106
4630
7397
6781
5887
4575
9250
7701
461
1533
8100
1685
1975
7900
6707
6084
7006
446
193
7362
4212
6140
6564
1633
8498
418
3557
9810
3867
6162
4765
4038
1547
9379
5949
1596
1886
4991
9793
5039
3818
7708
8483
306
1842
558
9374
8773
3334
785
248
9297
2139
7823
6201
2099
7083
7964
6562
815
111
9281
784
8588
280
2638
5814
4668
7307
5158
692
4342
1257
5660
4833
1427
2216
8715
6158
3368
244
2249
4160
3433
5152
2954
7219
9562
9654
8470
2718
8669
7348
7291
2575
1240
3682
6601
9909
8989
3561
5421
608
6683
4267
5465
3220
865
2326
7502
5070
5328
9050
4276
7239
4189
2659
6230
4619
6527
5523
2120
4757
1024
7012
5068
8801
1997
2181
1866
6239
7385
2563
8556
7959
6597
5297
270
1078
4081
9278
9867
9254
7274
3275
4405
4428
9805
9621
2778
5904
714
5302
4271
173
9372
4495
790
9690
6402
2102
8640
56
4239
3294
9108
8697
5348
7848
2690
4036
8942
3141
5365
6227
9373
6396
6887
918
2971
3928
609
5423
5621
424
3648
6523
2641
6115
5050
9262
6902
5099
6618
8384
9432
3237
3263
983
6882
5029
7208
408
5353
5642
6940
3673
7229
321
1825
6424
3073
1103
4021
9205
9518
6360
582
9098
2116
8239
2296
8547
6815
9090
1772
4733
3292
9513
8286
4831
3748
7201
7543
2744
9638
4848
7717
1617
3575
7821
2284
4046
8995
8895
1958
4355
8631
6149
6920
8540
2577
4116
2819
709
3042
6487
9571
4841
8900
6433
7763
5779
8643
9263
5684
2204
940
5341
1801
4824
8746
1212
8253
4326
6122
6081
8987
7243
3797
7789
6921
9938
3015
3444
2208
5344
7920
1417
1601
8864
7679
9462
5923
5116
7952
7081
7664
9843
1874
5695
1701
1693
8270
3720
8374
8030
8955
5468
101
9668
6284
8656
7790
3077
5112
8988
3644
5334
1149
7604
129
1840
4429
1360
3921
7018
7005
6126
9896
1611
4424
527
7880
7998
2951
647
1978
6609
8478
5012
1808
5659
2527
1473
7922
6509
6613
8010
6731
8018
8398
7444
802
6997
6553
311
7792
960
7693
9369
8350
5656
4530
9982
6953
8590
6966
5557
8309
5637
950
9227
8375
9365
8152
4446
7273
9450
6011
1705
278
8959
1444
8435
5744
65
5812
9734
2317
3246
9680
4553
269
619
7808
1077
2209
6237
8347
7473
5722
9232
891
7756
4299
3156
569
9176
4861
6123
6330
1015
7931
2048
4329
221
8544
1228
3764
3864
3014
5703
2457
5898
9846
7517
999
4261
9303
6436
9119
3634
6161
7225
6242
1861
4371
4869
8774
4226
1977
6025
4727
386
5439
6652
9960
5712
4250
1271
8488
2936
376
6265
4346
2094
7558
4675
141
8905
4210
8626
2213
9310
3458
4315
52
2301
6028
5203
9265
9987
5526
4702
2105
676
2443
3579
1603
8960
8550
8125
1613
6623
7268
7769
8531
5358
1224
5262
5738
7079
9415
6606
7060
9325
1921
5196
5265
4537
2906
4998
336
7368
8994
5989
3703
2038
9004
3752
5846
5306
1361
4085
1829
9030
4403
5169
2037
3571
2286
7874
9905
8953
2217
7143
8293
4984
5874
3598
8694
4092
6828
1189
8722
688
1828
8874
8538
4916
1119
6429
7685
4715
8074
6183
5725
6050
1649
146
1491
5550
345
2450
3876
8015
218
6200
8242
5945
6065
3536
4898
5209
6498
3890
9821
9973
2612
4430
1621
6782
8053
1073
7128
3592
9038
1710
398
3740
7676
6594
9215
1515
3545
7188
3109
8563
6971
845
9376
2987
3111
8109
6850
8108
1583
3319
1882
9681
3841
1600
7626
4312
819
2394
7651
4295
8022
5674
9889
9660
8447
419
9384
6799
3828
8056
148
4241
6516
7983
5249
2832
1161
753
7501
6518
8576
26
3697
4752
4588
370
9125
3339
8804
3100
3616
4608
8183
6696
2062
9488
4994
3874
9199
8428
5614
687
9382
8706
5820
426
8852
7120
9963
3478
598
2321
6708
3175
7399
900
9189
6885
9801
2959
5631
4316
2729
562
8983
1973
5572
7618
2586
9387
9129
1392
2087
8736
6945
5269
5765
7785
5920
9079
7911
8496
4918
4300
4689
9355
7017
2420
9617
205
9837
1916
9422
4663
1800
3497
2229
1376
3833
9290
3264
6083
7413
2376
9637
179
3239
673
7139
7400
4623
3030
5568
4070
9348
9283
4704
4336
6299
6395
8341
5774
3397
6416
5785
9346
4007
936
9961
521
9230
8645
1449
4843
7154
3151
5397
8236
6344
8886
9357
5175
8676
3044
8404
9819
4803
9316
623
1848
6320
2029
9235
6763
779
6806
9631
2518
3502
9553
7354
7775
7616
6310
6930
8303
770
5378
5318
9842
4910
5796
9257
501
3775
9576
1846
6875
9543
6023
1292
9599
7819
5150
4582
2726
7914
5559
4234
6839
5888
2341
2490
6343
2314
862
4141
8452
6390
3290
5956
6908
8338
1514
2669
7868
3045
8203
1051
4822
4825
9097
9705
1028
4198
2648
5377
1206
1336
7750
805
6834
2233
2359
1875
6232
1635
3481
9214
3242
7046
4617
9096
5973
3203
6302
5146
1593
8929
8709
6586
7034
7767
6303
5981
3555
6615
5651
4096
1379
5905
6719
2844
4691
3711
5128
6434
7923
3755
2880
9666
4298
6711
9715
4195
1841
9123
6078
6090
5450
7613
4591
2409
176
5108
6166
2715
2473
5525
5126
316
6042
2071
1072
3762
1919
1098
7643
9925
6184
2382
8440
8941
2131
3337
1759
320
2281
744
4860
3180
7610
2881
13
1934
6156
7418
4982
3909
5535
2965
7603
8700
5301
9005
1313
7068
8503
5063
4396
6870
7308
4600
3017
6614
9646
7716
9919
7766
9719
5369
5098
4550
2732
6053
8227
4741
8367
7317
3938
2145
8716
2212
9069
6506
6886
8805
5996
553
5094
1890
6928
463
4310
1602
5247
110
6490
9112
5031
2280
7168
1659
389
7653
3870
2292
2644
612
2021
6917
9866
8394
5442
1152
7341
144
2605
5357
2923
3178
1107
7155
2449
5231
5889
2799
595
7203
3416
6804
1896
7494
8167
7594
6760
8758
8844
509
9820
6800
4902
6576
4382
4221
9634
3858
922
6628
1259
987
4321
2193
9327
7285
5862
7741
2487
1830
9541
8391
16
2891
4281
2858
6137
5403
6584
9323
2769
8616
232
1885
2656
2741
9827
4601
166
4420
3033
2996
8494
4449
798
7280
9466
6145
5415
4707
4335
2679
8414
7393
8148
2955
2735
3281
8005
268
9895
7815
6780
7641
5860
8674
1549
2606
3717
1571
9848
2001
7826
4475
3930
7115
3224
8635
1296
4730
9768
6508
1170
138
8419
4713
2406
3373
9386
9776
5967
251
8038
9515
5200
3038
4406
8567
4418
5687
7288
1425
1197
1660
6349
6926
9910
4990
3599
4905
3129
3603
3206
7138
887
7101
1099
635
6033
445
8372
9203
5939
8003
7958
3271
74
5652
2932
8951
2276
5213
3184
1046
210
5097
5073
6681
4313
761
9420
6985
8653
3889
3315
4272
7327
1768
5479
5101
7698
3914
5282
5475
631
7266
1999
8267
5194
8302
4958
8887
9225
5907
1585
9872
1918
2273
6871
9234
8699
8385
8536
6194
3652
9013
4179
6414
3827
6459
3192
488
8214
6442
7566
6469
61
5045
5771
2191
1086
8560
8513
2724
8947
9335
4137
58
5620
37
6456
2555
3355
2766
6377
1496
3424
6965
5332
6993
1858
7227
9613
4742
9744
4142
2768
8840
2774
9443
8194
9312
4764
7925
2966
1180
6454
484
1006
5654
3596
3001
3959
1281
2072
8918
7320
2505
4947
7652
5540
1569
1056
6207
143
5865
9184
1773
9964
5776
6071
9651
8000
2437
2964
8378
2083
5453
2980
4351
5343
6866
5285
3107
5
3922
155
9408
1163
3437
2713
1227
5485
7997
7093
716
9694
5234
6100
5376
9581
2468
528
3411
980
4308
8781
1787
1215
9003
4324
9140
1507
2660
1304
5074
7112
5034
2610
8837
3715
2153
6857
9956
6847
9048
3886
8578
6235
6291
2005
7009
1169
5274
2541
3758
3382
3842
984
7345
1323
6714
9267
6093
3459
3325
5092
888
3469
4303
5494
3284
6569
7098
1697
3338
3615
2349
4926
3402
2509
879
3095
1202
6180
3193
6073
505
8543
2630
2754
3143
1458
6924
100
1305
1016
8545
9240
1607
6246
495
4966
9712
4458
1662
3161
2410
8792
1447
8528
8711
9642
1069
9196
8975
2245
9628
938
6841
6092
1436
7021
6909
872
2303
2422
3164
7793
1374
4042
4059
6734
6249
2565
6236
5850
1810
7416
3635
8464
2904
1490
7992
8392
9383
898
8738
5170
8139
3587
2704
4094
2564
8316
5316
9995
4589
2797
465
9287
642
7172
6069
2395
4766
1518
3266
7908
135
7514
1658
2834
1207
7945
3208
6117
6955
7332
3491
7941
5976
8439
8116
6946
7067
7746
4089
1469
3760
4681
1931
5910
6922
9687
1668
5700
525
3651
7636
743
3835
8228
1966
6389
3241
1756
6296
2756
4416
5228
7197
4937
2052
2036
9414
2335
8764
2492
2909
2155
2017
7293
3210
4585
3265
9412
5795
5691
3189
9906
5162
2481
6167
8718
9698
3
2830
7554
6038
4061
5829
6878
889
9870
6051
4523
4076
1123
6091
8406
2077
5893
5440
5798
1805
377
3624
1993
170
7540
5171
8599
9585
4930
7876
7857
5102
4965
5833
2884
6198
4084
7778
2396
6632
5963
5129
2441
209
7751
1952
640
3628
2238
2875
7953
5641
5452
5593
3256
1415
9114
361
9915
5069
3413
5561
3482
4377
1636
6288
8611
5245
9082
7648
19
6458
4122
1321
5427
1812
1888
7915
6163
7245
4754
1661
1735
5599
1143
3690
3300
4254
1682
4091
9934
7075
6969
9520
7186
9708
9498
48
8559
7303
2199
6560
3336
6134
6513
8096
1699
904
1647
4637
8667
466
8692
7580
9343
791
6054
5327
513
9704
9072
8272
6272
9561
352
3218
7003
9044
34
6493
3693
3924
5497
8662
5007
4028
8114
5565
7924
7104
167
6538
6439
1140
8749
2787
6253
4895
2485
3877
2250
2078
3457
8013
4989
39
9088
8129
5980
481
5676
2888
3212
6229
9485
7480
4657
7668
5295
9417
3299
1630
5441
9181
1448
8029
8693
4974
5067
6127
3852
8467
1483
6189
1431
1221
1457
3639
7150
2300
2829
4073
7036
5433
1511
3155
8443
9552
3956
3509
2484
6097
5636
2109
1721
3776
6251
2028
5789
4945
7338
514
3723
3372
9753
6019
4220
3757
2655
3498
1595
3005
229
3483
1416
9852
7805
5299
2587
7484
6444
343
1192
8137
3240
3000
2259
3709
3163
1909
6591
7843
234
5960
4472
9330
5527
4809
7509
2931
5444
1019
383
310
25
9941
5413
5257
2627
3971
2730
7567
8577
9179
9601
9042
8754
2073
1166
7538
1225
3062
1758
6387
9509
9378
8527
6222
9252
8484
9057
2776
5520
7525
2852
9902
3375
5537
8102
3114
5481
6761
6750
4072
3047
6905
2254
8409
8558
3093
8165
7809
5153
4718
4891
734
9769
8363
1043
6072
54
3310
2947
2247
4594
3793
7678
4740
2295
5663
7206
9519
4972
7682
5870
4019
2362
9991
7996
1139
3672
7196
8127
6447
1349
5455
3716
2520
1035
5716
4338
6179
6432
9456
4605
5752
531
2090
1030
4436
1309
1676
2113
3232
7425
2269
2019
885
5995
8273
2032
1968
7841
3071
6742
8181
7378
8934
4224
1387
8475
5847
8457
5412
9981
4655
2874
6203
542
592
8450
9210
9358
7292
3374
3667
9368
4748
2556
8962
9015
350
1510
8907
1625
3473
8046
6854
5773
8633
3763
5219
7831
40
8033
7144
9397
5728
8232
4202
6858
1684
9219
9217
9686
5410
8687
6464
6364
5536
3349
4413
4357
8581
1049
895
9616
5734
4369
2309
9679
2823
4677
5886
5679
697
4301
1255
2089
4519
2688
5748
4256
7183
6308
4602
6298
5954
8205
4325
6185
3088
6043
9577
1160
295
5349
7146
1727
2785
1108
5574
6410
3386
1648
8924
8735
5645
7727
8767
3843
9718
2693
517
671
5665
4524
1423
4996
9083
1519
7654
7601
9180
9853
1041
1165
1238
2877
3846
18
5305
3528
6571
6634
7984
139
4673
4514
2151
1826
5469
4952
3676
3170
9923
7999
6277
2733
4960
5398
7391
1353
5911
304
1523
4159
5049
6248
3007
6612
5333
9890
7711
5948
1312
8212
7461
93
8345
9431
3132
2551
8571
6771
5864
5431
1062
2789
8675
643
5089
255
4188
6698
5048
1960
7658
7325
6982
9
2751
5235
5360
2504
6649
8331
5755
8521
4395
8019
8830
1365
9604
5803
873
837
8598
3098
3942
6331
8623
2950
5900
9442
2223
6856
5053
1755
1248
4358
5310
7987
2708
9784
678
3727
367
2272
5066
2320
4758
1319
8261
4411
9588
1274
6204
1381
6485
9032
1899
3084
8922
7328
3932
4779
3831
8621
1665
7549
6869
7216
6778
6764
4362
5658
9359
3934
4933
8248
5607
5163
719
9787
8159
8281
8021
4643
991
1492
2221
2725
2998
6840
1466
9945
7912
5500
3158
3778
3663
9238
5863
2360
1964
556
5001
154
8638
6766
813
7275
6989
2714
9306
6483
7178
3181
7313
8839
9596
3559
6024
9402
3523
1868
6087
7419
5871
9857
7251
7506
6318
672
8639
322
864
5517
8060
7902
7467
2792
8897
6865
6118
2353
2096
8234
9559
1963
1358
4383
9008
4465
130
4694
1339
9049
2596
2401
9524
1592
9122
2287
1430
5867
4305
2404
30
1282
1677
5389
6721
9742
6231
5388
9274
6820
8811
9486
7973
9600
1283
3578
9733
1832
8175
7530
9270
6186
9809
7438
3744
5532
8901
9352
6844
2039
9377
349
9311
1213
9182
5770
5714
630
8138
207
4318
8370
5670
4480
4467
5374
8061
799
9118
4557
6689
5931
1133
3742
7551
4786
4083
9435
4988
4980
801
560
1783
454
8055
9036
9732
2761
4127
70
5719
3213
1971
9730
9156
7886
3812
6604
1854
4706
3981
4528
2595
225
6187
1548
4950
5686
2985
2540
774
7019
5386
3991
3137
866
9641
3461
7855
7840
327
9916
764
2618
7222
5896
7638
2908
6368
7519
8190
7520
8504
9301
7940
289
6745
9056
3728
6445
5338
444
8619
4245
4123
4422
4698
2958
9503
4086
7537
4660
2663
1551
5311
9481
566
8624
7630
2619
6327
3035
2867
3117
6743
7632
7903
6022
867
1865
5549
3691
4218
9950
6792
636
4771
7162
5781
4314
5997
4125
458
5467
1100
8817
5222
9208
9976
4457
2115
5003
4055
3168
4107
5897
8215
5512
6983
1786
9792
9579
8522
6202
6283
226
6794
3436
3902
9619
6740
6317
6124
3253
288
9894
8304
9170
4616
9881
8432
9975
1835
8349
6670
4626
1295
5052
8730
2163
78
8888
8648
1486
3036
3332
3365
3401
242
8523
399
6305
965
323
1989
2070
1155
7030
4356
2268
2453
1451
577
6876
4064
7986
1609
9721
5585
1956
589
9882
2278
703
112
3779
4381
2180
7692
9535
4207
3657
3586
7029
9765
9940
7346
3198
1512
8910
1284
2429
5913
4729
4493
5732
606
9381
5881
8906
9018
5800
6323
1302
6531
3591
1879
6913
2470
5764
1914
7781
3602
2501
109
3908
4410
5702
9930
1388
178
9360
3301
988
8691
6843
4821
2025
8218
7247
6358
8101
5121
1471
2560
762
3730
3729
2378
5688
1389
7283
277
8136
3418
9595
5496
1767
7813
8306
2879
4635
5114
371
2642
8277
6883
2192
7294
8777
557
2803
7428
156
5718
8858
3078
6774
4333
8979
776
4360
160
3873
1044
1628
5952
7025
8957
5042
4023
6796
3049
8469
3806
1456
4946
2100
9229
4415
5027
7611
2524
7784
1873
3148
4365
5472
8799
5834
5292
9650
9861
6494
5928
6254
1026
8170
7129
4507
2175
7637
2137
6007
2343
7121
7442
1542
628
7523
8704
2033
9401
1087
7410
9927
571
5756
9736
1508
9844
1233
2759
4670
3472
579
5289
451
5909
8695
1855
6705
3302
2503
8580
7974
8575
6744
6912
2821
2440
5990
1943
1467
436
1750
8647
5783
216
8143
6727
7943
6021
3279
546
9076
3860
5699
9460
9764
6086
5746
7335
6280
3027
1928
1439
7926
7555
7772
9849
9158
1398
644
2179
855
611
3984
6556
8078
5493
585
9052
5191
8289
9035
8441
6787
4332
843
6715
115
1477
3013
1018
9136
3447
8321
414
8255
107
2068
8260
3891
6295
7736
3794
9913
8938
5655
8162
3629
2968
4688
724
4237
9103
959
726
400
2455
4628
4106
1991
2478
6551
2312
2547
4959
5778
1022
6171
3149
5757
5106
7404
602
2274
8999
118
2782
8851
9533
1792
3903
1576
1186
6431
3139
6026
4257
3199
6749
5133
3283
2479
4146
7286
1029
4334
7732
2675
1774
8455
9164
9699
8238
3190
4650
3024
4283
2322
3160
5006
474
8235
4999
9162
7865
2114
8039
8379
4417
9231
821
2657
5401
1597
407
3026
7490
8149
1955
2030
846
9172
8031
7107
214
8680
5180
5287
7942
9512
1927
3331
5668
5545
6561
4277
7935
5239
9385
41
9944
3443
7917
2084
9206
423
5946
3678
2937
4564
4763
3179
3734
3844
1142
3666
7427
5140
8241
852
8359
3305
6154
9648
4780
1637
4246
6935
5279
1045
433
243
5504
7753
7310
3747
4251
639
8660
4499
4712
4571
3887
99
2810
1033
341
2126
2717
2837
9865
7136
7672
7031
8471
5515
4243
7976
5639
2625
7433
7489
5107
7258
1892
9796
1422
4162
9202
3714
9007
5166
7970
7122
9929
998
7852
6661
4631
4682
1097
7062
1082
5167
8099
4229
2948
952
4710
7491
1887
5347
3699
2650
9153
3289
7966
8876
2237
2388
540
1231
8579
7205
315
4504
186
5354
6486
7822
4265
8477
4883
2198
9001
4331
6860
7969
4868
2812
9942
2186
5519
955
247
5371
4401
9723
7353
3311
2195
5970
12
2507
5072
8642
4651
5868
8410
1884
2332
230
9737
3384
604
8771
7069
4319
50
9993
7421
2839
3738
1031
5243
6776
2572
5971
1907
1803
8835
6826
2290
3157
3496
3475
6392
3182
9089
9053
9605
5144
1204
5849
9094
14
5816
2631
6724
3871
4855
2672
6819
6998
9095
8651
4025
8468
8824
2222
2516
1237
7883
4827
874
1070
5522
9277
8489
8090
6996
7614
8312
4487
297
2185
6029
3689
5711
7820
249
9185
5136
1891
314
7380
2128
6651
7816
6793
391
7505
5560
1081
5563
2148
9636
2417
2252
2740
817
1849
9133
7968
3261
859
3614
387
3649
1742
9012
2027
1850
5903
5991
8862
7891
3105
3486
7535
2367
953
265
2703
409
5669
3072
3568
7263
5355
6893
576
5199
8512
768
2118
6621
4099
9673
8020
7080
5342
1025
5784
6499
9334
884
6539
6224
9592
5151
6963
7628
4725
9307
6467
1643
9447
9726
3060
9752
7754
1853
6593
6313
7097
6590
7899
9453
5275
2772
4311
9000
6811
9309
9483
2392
2279
1652
3926
2977
4204
5649
9144
849
4205
363
7905
3125
2526
4774
741
3177
9113
8883
2984
9284
1306
2047
1666
6311
7752
7744
2391
8524
6981
3732
564
4920
8849
578
4154
2364
7897
502
1331
7319
5531
9249
2327
45
2291
532
339
5891
6096
7235
981
1037
6281
3066
1266
7642
1863
4419
8937
5514
2938
2184
3146
781
8348
7724
7587
4693
5792
1320
9802
3920
3470
2412
710
5571
7284
1167
62
1410
4129
2385
1484
2363
5030
9645
9850
2419
8814
8678
6678
2398
2549
586
9903
6502
6005
3234
725
699
7867
6631
3391
3620
7936
1175
9201
3003
2234
8546
5595
8913
8537
8459
2466
8366
8048
3803
7497
4440
3580
1827
2767
9928
993
1289
2024
1995
610
7099
2727
3010
7646
9371
9640
6737
8166
8358
5934
945
1156
7600
8871
9051
657
8891
4112
4760
1474
8330
4252
1736
6411
9883
1272
3782
8658
3754
4408
9610
2240
2023
3162
8073
1691
3342
9291
5605
9988
2122
4685
125
6132
1481
6012
1311
9620
3786
6446
3719
9584
957
2459
6215
7312
6205
1517
7607
4367
4804
4131
4307
5229
1154
5096
187
875
294
3267
462
6688
3507
2098
8327
6094
2201
5014
2574
693
6954
6653
4264
5827
7469
4423
6891
1780
3631
7032
1876
910
4781
3081
1239
9578
8914
4121
2962
8831
537
7878
1605
4570
8770
3221
2008
683
4565
3585
6388
3023
4881
943
4193
6333
7267
2678
8778
9394
772
4235
5908
4169
2383
6741
1442
6758
7090
6032
7233
6027
5078
7495
8307
24
5202
9063
9308
9045
6830
2255
2230
9363
2598
4120
9557
1996
6898
1328
9395
4539
7481
3824
8323
2857
8549
2973
6932
7086
9398
5189
8310
1929
8011
6504
9980
6138
1833
3811
3194
9727
1
6453
5646
8740
942
8028
9957
1122
9989
2967
7195
3847
4368
4864
5267
8263
6404
4907
7991
9550
4547
3527
4851
7634
4850
4653
549
1287
8355
1276
4323
1638
8458
5998
4961
3815
5476
2261
2738
328
7306
6541
2172
7118
3363
4022
5837
2927
6783
1806
2020
8160
2080
3686
2306
2544
4407
963
2777
8216
8649
5051
2143
3200
5926
3788
382
197
5396
3838
3395
1432
8342
7253
8682
8725
7443
8226
6286
3428
77
200
1980
8769
752
1327
3041
6501
831
1429
844
661
2621
6352
2210
9193
8829
8661
7223
3532
3773
1253
9446
499
4788
9388
6566
8064
6440
3593
8192
4884
9487
3664
6933
5823
4347
8146
7978
6767
1067
476
8885
2311
6345
2840
4578
7919
8120
516
5273
539
3274
7853
296
6738
7619
2264
1487
8655
8921
4126
9739
9565
3892
2826
6116
1185
3120
4020
4337
6949
9037
7507
8231
5533
9404
5149
6960
7565
9350
4854
8353
9775
7487
1322
5880
9116
4037
8493
4627
3207
7691
8517
5434
2753
5696
9317
2442
5321
356
8328
3254
4182
211
763
771
5062
3499
5061
22
87
2000
2106
8115
190
720
5831
520
5826
792
5562
7828
8075
3826
1606
8084
5942
9757
2815
3409
1205
8222
5270
5832
6528
6994
9476
1568
3353
1587
4593
1138
4852
3075
9575
5020
3759
4508
8436
5119
4873
318
3115
3006
2614
4879
9471
4560
5268
3746
3245
8836
9080
7424
530
750
4379
4448
2263
1798
4145
457
6510
5682
4823
1172
8863
2681
9370
3866
5879
1770
4836
9971
1068
3408
4714
8654
2152
6292
7131
3771
2435
7773
3708
4255
508
8490
2110
9847
5057
6596
9717
5271
1075
4192
9885
5935
7092
9425
9875
6608
5198
3247
5673
2452
7847
6208
1591
6268
6381
2461
3853
5174
2044
1653
6956
8492
7877
2372
8772
8453
8438
395
9326
4051
8728
3202
9878
3219
2687
4364
850
1465
9525
5210
4274
308
9507
8701
5193
7796
4590
5370
9954
2366
941
8387
1654
4921
6785
1285
6573
7147
114
4849
1443
5490
9728
1889
6211
2775
8632
1527
1420
1342
729
4876
1718
2755
8449
6859
2680
9832
2841
5026
421
6136
7496
7323
8463
8996
7109
3574
6754
2336
4067
2684
3650
4201
4082
5857
2623
4783
5130
2848
5028
8894
7193
1250
6001
2887
8723
246
9695
8834
8480
7829
3525
7621
4909
6747
9568
732
5806
3904
4155
5842
4820
9025
7844
2876
3364
9121
5391
645
8533
2258
6482
2530
8589
1788
5611
6657
6775
6802
9268
1552
1657
2885
7526
7175
7729
8126
6990
7061
132
7921
8794
8123
427
3705
2865
9998
788
1608
1201
6177
8717
2805
6978
1573
4152
4066
5950
8396
3231
10
9009
9625
204
1785
3807
701
1191
3462
9166
440
777
7486
2369
9598
7439
5543
4973
8497
5459
5859
6835
3250
7686
3430
3004
4143
7189
5324
4618
8076
1332
6507
7930
2593
9707
3996
9396
2590
5638
4287
3895
1937
1675
9137
3675
430
9563
165
7737
4372
6795
2427
947
2302
8976
9084
9720
3883
7387
2548
6720
7434
3128
7901
8609
5127
8130
4890
2231
464
5617
360
4840
2183
7026
7475
487
3814
4375
4477
7305
9416
2082
2827
8132
1790
7550
2386
7008
8233
1124
2836
8180
2763
5054
7072
8584
7995
8613
3393
4759
2041
1565
8276
7114
3453
3554
8168
8534
9740
6529
507
4144
8397
5890
9020
5603
293
2123
281
7464
9958
8583
5113
4214
7739
6896
934
3312
7508
9510
807
6336
2900
7347
4795
9658
9339
6693
3165
5056
1946
2469
5486
1957
3911
8666
329
2633
2154
5697
7663
4175
3881
3417
5337
9918
5474
5004
8568
6959
738
1726
3885
1777
8761
96
2482
1719
6748
4166
3209
7364
7870
3805
854
9491
911
9657
3152
4075
9106
5139
2566
7374
3627
3053
3609
3560
2270
6293
5117
3518
8705
4708
2031
9731
290
8793
7446
8872
6861
5717
46
2380
8990
1007
6658
3251
6709
8086
3961
5422
2793
2712
5977
7896
90
9127
3577
689
3713
3965
9931
8637
2780
1618
7846
7176
951
5489
4435
6290
2205
1393
1739
7827
4756
756
8958
8119
9999
4008
9722
4400
6369
7955
8243
7357
2770
8485
3029
4296
3849
2086
1370
3021
1856
5242
1014
2986
7534
2147
3383
5698
8630
3083
4674
8229
7957
7132
4068
490
4481
1243
6716
4645
8954
5615
6988
9282
6526
1208
5276
8305
4174
3341
5582
1330
6372
1406
6695
2489
7281
4140
2634
8346
8044
3906
8220
7238
2613
4954
9143
3647
4683
4875
1182
504
9702
1004
2059
5590
8803
8147
1998
7366
698
8679
5556
2946
8121
5232
7888
198
5218
9375
944
2432
4896
4168
6159
9830
6957
7000
4134
9845
3698
9551
6729
7762
6702
7881
5623
5224
3039
7108
6197
9305
7947
3524
8364
1935
6558
442
6399
9823
4394
2187
6641
8823
5828
1714
6031
1092
3106
5544
4015
9532
6818
4476
780
4398
3916
2570
9131
7962
5252
7470
6937
2354
550
511
4853
6987
6624
9822
1883
2480
3406
9437
7236
1391
4880
9039
7714
1236
5906
4598
5747
2934
6557
6188
5372
7722
5790
7612
9597
137
9361
9516
2236
1737
663
8185
2171
7800
3441
1911
4520
1614
4912
6263
3656
2011
8854
2976
684
5373
5425
2716
7330
9678
8133
8535
4648
2323
7532
7300
5284
5751
584
7271
9024
668
3893
2929
354
8150
5322
5742
8252
6264
1203
5964
3731
3765
6256
8875
7893
6718
9190
5111
147
4839
3068
3488
2242
9496
3419
3982
1297
6470
3196
1052
4181
259
8892
4743
3328
6353
7194
7181
6521
9469
105
3369
5613
6755
6673
8739
7483
7690
4787
7242
1837
8247
9315
6602
1132
6214
7649
853
2692
5819
736
4634
9899
494
453
3638
1579
6995
9150
933
4914
9064
7299
5724
7331
1673
4470
6085
4913
2060
9452
4893
2061
271
2051
4515
3798
5912
6713
4922
9558
9523
7884
766
1650
8006
1291
8519
5743
3668
3123
4542
6503
533
469
4703
2893
2576
797
3646
203
8860
7511
1620
995
1102
8702
996
666
2003
6478
3090
6340
1784
7322
3917
6663
9159
6554
2319
8744
3285
9248
8628
1724
340
8644
5782
2408
4805
9139
4153
4719
1293
3020
6938
7735
6849
3019
8336
8712
7298
378
2652
9652
1247
3067
5320
467
905
6636
3801
5763
4579
8587
6923
7230
5008
9570
925
1910
6617
8339
8932
6863
8172
8368
3172
1269
7774
3925
1325
723
2447
4792
4494
4432
7918
3335
6779
2639
8036
2351
8254
7577
3248
6212
4615
4032
9521
2379
1761
4811
5541
5690
5733
1341
897
1526
9884
6270
4686
1712
9697
4669
3884
3122
1616
9017
1472
6730
159
956
2347
627
3138
2329
2277
4513
9226
2299
839
9111
7503
7836
5019
1857
7602
1862
6405
4826
9477
299
92
9647
2218
3529
1789
8530
4613
5510
206
2921
5892
6309
4232
1925
8395
3435
7761
3323
4386
9492
2374
3770
1402
2399
8157
4936
2368
6786
9174
7862
5817
8408
7356
6034
59
215
2513
6297
1260
5256
1629
3354
2239
6958
7647
4150
338
8465
591
292
2643
8821
3082
923
1604
8295
4969
6173
2358
5400
4813
1404
9054
6426
2345
3674
2103
547
285
2156
8444
486
5122
1135
9165
9936
3595
6273
4735
6082
7358
1396
5390
2531
2194
2800
7824
2307
7435
3140
8200
8745
4118
4249
8197
8161
403
5542
9296
6543
5914
1352
5866
8756
7153
9887
9105
7372
9490
1363
2428
8557
1064
6441
2315
9824
9126
1334
7553
6168
5312
4975
2579
8879
966
568
2397
5661
3998
5065
656
1113
730
1412
4033
9965
5032
4492
437
9070
1948
4317
2034
3679
1303
6638
8199
7872
5936
2002
9968
4065
4556
9104
9495
496
9567
8052
8518
1131
7432
3980
5627
6089
3464
9795
347
5429
5552
2207
4388
1036
2585
3619
3572
3692
6862
4279
9409
1895
9587
5123
1198
3533
3070
1242
3859
8791
4490
7119
3052
23
2400
8034
6421
1093
9951
3632
7670
2988
1706
163
1246
2244
861
9132
5264
6114
9245
3501
8446
6105
6112
150
5984
6226
4997
5808
7041
5528
6020
3725
4431
979
1525
1872
4620
1117
6465
7013
3252
917
892
1588
848
4929
7552
3345
982
2074
5815
2340
9756
5080
5420
7209
2943
1278
4687
949
8417
366
2845
8009
1667
6633
8461
7388
5356
8131
7571
8719
3896
9556
7182
326
2860
8089
625
7858
972
9669
6385
3820
2640
3415
1359
3176
5978
1823
2325
3243
9933
3539
8071
7171
1639
1059
3101
7740
7161
5225
5901
1564
7440
368
9663
3343
9493
208
9464
7627
4402
213
8256
2476
7493
4566
9244
6466
1308
7780
1478
2436
4664
4010
8317
8237
9908
9023
2794
7436
1734
3543
583
1066
7709
7770
2142
2173
8335
4744
2331
3295
5653
1470
8209
35
9324
9427
2820
9511
9410
7066
5181
2125
4130
7575
4009
6443
1333
4203
6545
4339
8245
5740
2196
8816
9423
5583
8548
1627
2159
536
4108
1001
2127
2963
607
7675
4380
7674
9877
6540
1546
9233
4872
1038
9314
337
158
5454
6798
1277
3613
3058
2413
5164
5564
8952
5678
5895
3813
7777
4889
4662
3515
9251
7398
1781
3983
5095
8873
4614
1222
3171
5768
5368
4275
4697
49
2065
2088
9391
7606
3654
1747
6338
8093
8418
5148
5186
9407
9474
1476
5187
8933
6321
5375
351
1869
8420
500
8610
6600
8004
5979
4439
4925
7528
9531
6047
2189
6193
4409
6475
3048
9073
1961
2283
8016
6496
7556
2760
3357
6550
5933
6643
1688
7596
1530
6662
1047
2493
6676
4878
2925
7452
7977
335
3055
7960
410
420
452
9674
7726
7743
7477
5766
8299
1679
7279
5379
3422
1280
1337
7861
2550
2405
5055
1577
9754
8997
8092
1818
6517
4599
3989
5634
8672
8421
3259
3508
3612
5041
4048
7842
9479
3269
2054
7135
3214
9996
2982
4273
7409
3186
8935
7715
1301
6578
6530
8865
4939
7240
3061
5043
4807
5211
5791
3840
384
6269
5713
3897
4908
8915
9191
1981
9751
6376
3751
8880
9672
1211
902
7020
4979
4506
9142
8058
833
5709
1681
38
9547
3051
69
7337
593
7403
3888
3089
2415
2752
2583
9155
2168
6592
6350
9041
4503
456
8077
7456
5769
2297
522
7521
5994
7199
3173
9472
5064
9949
7408
6425
1091
1672
6874
8156
7085
6979
7137
4378
6791
3640
5340
8759
1017
8917
1986
8798
8495
4035
3050
7576
4538
6075
2053
1010
7667
5309
5592
674
5672
4722
2262
2356
573
7797
3707
2149
201
2896
4390
8479
17
4344
912
8284
2645
9797
4596
7039
168
5947
5058
9099
1901
1717
6428
1121
7458
2519
9091
3995
7185
8110
2599
2863
5825
8128
140
2498
4199
5125
883
4069
4253
8720
6825
8301
810
9092
6452
7044
5304
4832
3025
6462
8671
4835
6067
2537
8525
2050
4587
7256
8067
7033
6056
2506
8703
5521
769
7882
4726
8597
9211
2338
6004
876
4363
5640
9922
2926
8806
482
1867
8412
8271
5938
5899
7946
3012
7215
4427
4746
6142
9967
3749
4625
6881
9160
2097
3584
3684
4554
3915
388
4004
2615
9062
6772
9300
9779
7889
677
1187
9812
5685
7445
1979
6903
4444
994
6337
9747
820
1746
2869
8733
2993
7835
614
7350
2592
1722
2228
4340
800
5588
2873
231
1428
8202
2609
9656
7058
6568
5351
1557
4604
9085
6319
648
9946
471
3104
749
6570
80
913
860
3604
2471
9187
2535
8319
8612
7056
8027
4647
4040
1938
4847
8111
1990
9615
5103
2232
8815
7574
5387
4219
6048
3625
4527
7141
9639
6700
3476
7623
6373
4242
4306
3910
8189
4644
2536
1690
7244
3276
4016
8423
8429
8795
5430
2910
9907
152
5190
2425
992
7700
9799
3642
5495
1162
6563
1615
2911
5546
5573
5046
3306
55
6589
3822
9914
3330
4711
5884
4690
5258
1902
6565
3046
8948
2129
7635
515
6450
2095
3407
8442
7533
962
4548
2414
3823
5516
2721
1945
6833
7794
4720
6809
6962
7764
6403
8388
7167
117
7342
2267
6970
9101
8614
9544
1988
1418
8051
8283
5587
646
8899
1380
8755
9071
305
7513
2960
1219
2049
3783
4923
9635
4468
5314
1905
927
3879
8035
6797
6282
6637
5499
5363
9540
1137
7314
2330
7837
1764
4561
3963
5076
9755
6407
5201
5729
6147
5580
3790
7431
1769
7213
8743
2809
7177
3314
4412
1023
2101
9710
2532
275
3086
6314
1144
9292
1265
3850
6015
5704
8352
3455
212
9266
1178
705
1566
7038
2722
8838
2654
4248
413
878
555
233
4240
3671
4993
5090
1495
9473
3002
381
3222
4456
7254
6018
1364
4062
1288
4581
1782
5033
8904
7377
7257
8413
9782
3907
7059
6430
6152
721
9171
4327
9564
164
2543
8080
1689
8634
4414
7454
489
7971
9075
3134
9332
5710
9817
6098
8949
6169
6873
4461
1005
6014
485
5021
8290
2433
9854
4056
9966
8351
286
1797
1959
7088
4903
660
9735
5579
4345
4915
2664
3056
877
8664
5120
4135
7640
6457
9019
9831
401
5786
1454
8193
5277
4124
4200
4815
9271
7125
5589
6332
8944
4161
4828
7605
3303
2582
7472
7659
3999
3544
9130
2629
8472
7625
9569
1562
9684
1708
6384
2521
4606
7076
4289
5451
4031
3379
9302
8665
4011
4904
3992
2750
9609
1176
1127
4794
2883
6489
518
919
2781
9298
3993
9040
4562
7448
9065
3511
4927
4629
3661
4384
194
2723
1489
5944
4133
7174
4244
6813
662
6884
4865
6588
2728
545
3085
8063
9489
4238
4654
5633
7591
9347
1314
5715
2304
6164
2342
1195
3154
4077
5780
4700
9606
1992
1563
4799
8970
3136
9948
2695
8017
6611
2448
7545
1021
4739
8822
4563
9066
4230
5083
4349
1813
5505
7662
3951
758
2275
8748
7474
7795
1859
9146
3425
7246
2979
7779
472
2107
2757
5788
63
6013
4782
6178
7598
8508
596
5760
4098
1839
1539
1421
1824
3975
529
4208
782
3238
5578
6266
7130
6002
2895
6250
4071
2081
429
3513
9077
958
8982
3645
8878
9667
1962
4280
1346
8174
9220
1273
5894
6500
5741
8007
3898
2922
9034
3399
5315
4900
6832
793
6267
2305
15
2344
4931
932
3784
1254
6864
8963
8311
8967
9461
7078
1917
2764
7898
4525
4607
924
2352
740
7228
9264
263
447
2140
6690
6233
7211
6918
3389
2828
5250
5132
8282
6788
1534
8696
9392
8511
2164
7806
7234
3573
977
1150
3753
2602
6415
6822
1561
5484
217
6045
7102
7661
2694
7665
9161
6181
3517
7429
9400
1267
2742
1494
2831
2439
4797
6726
828
9926
4678
8964
162
7749
1460
5602
6647
2337
4213
8118
5677
3531
5876
5259
2108
8713
6497
4164
411
8141
9364
1521
7096
6172
7788
6599
9725
1730
3701
9800
8956
789
1559
600
5084
9399
6316
324
417
6074
7287
4761
8985
7803
2591
7787
1969
1893
6301
8813
9677
1362
1644
3440
1251
2491
4376
3505
1799
773
2004
3270
6977
362
3953
5799
659
7633
6289
9444
8196
9530
9328
238
3710
394
7010
7704
7450
3688
8857
1371
1210
9766
2370
538
8399
3191
3542
4731
20
2348
7718
7050
6461
971
6294
4288
6076
4165
5233
742
8868
2666
7811
7103
9419
4906
2160
5330
7583
8072
5141
264
8140
6216
7814
6062
8032
4138
559
2818
4953
6
4328
8980
1641
3562
1623
3450
4775
8506
1088
9529
6691
6406
7406
1003
5503
2463
3581
4639
5840
5192
7851
9087
2067
2161
6770
8869
9514
4871
632
4709
3378
5745
3260
7383
1234
1656
2451
552
7742
4268
3706
4063
2545
2318
5244
8986
5226
2554
412
4956
6880
2477
4392
3653
32
4541
2705
8191
5802
3456
3370
3420
2523
561
6275
1244
3739
1034
9794
5851
1262
7981
3059
908
3451
175
4426
9273
9068
5011
4284
1897
7812
5188
6559
5411
6746
2328
2416
5350
6473
5204
5105
8025
7937
2802
2130
8604
4510
8210
8685
3854
8460
4517
6852
757
1125
1199
5872
1972
4738
997
2324
7982
9141
5530
2833
7730
5220
3009
7414
7799
1558
3726
127
4434
2421
353
6855
7360
4887
4576
2346
379
5534
2731
2607
7340
5404
9286
1933
2864
3410
7956
9152
5138
9770
3623
4938
3743
5307
9580
9626
491
6790
7864
5298
0
6756
282
2584
4090
590
8972
3985
2241
2472
3135
7297
9803
2022
1048
544
2894
7289
405
3351
185
6973
1209
3564
7990
9046
9247
7723
6627
5059
8320
8153
5596
2580
4045
652
6334
7218
5409
9197
6823
2689
5507
5965
7051
1488
8971
7127
2997
6939
1357
4641
4498
1642
5236
2653
284
5555
3659
1399
4696
3607
7160
479
2497
2866
9555
814
6814
477
4793
2851
9833
8393
6438
8069
6675
5869
97
9253
9059
7972
2559
7765
4574
7707
7650
4612
1310
901
1455
3286
1894
8424
3931
3244
7910
6964
8797
3919
6130
199
9026
3229
372
926
6491
4488
4874
4451
2206
2696
8617
4863
5805
9505
9858
4442
7453
5754
8244
9436
9670
2522
6339
9583
6139
1063
1324
3680
906
8909
8974
6851
3774
9236
2856
5145
9058
964
989
5091
3431
1355
7544
2743
1074
8751
7217
6524
8509
7485
2670
806
9655
1816
3795
8615
2495
935
9549
8779
2674
8081
9014
5086
809
8787
1912
8927
7022
3127
4391
9255
7324
8401
3899
8912
3658
4263
7680
8054
6812
2825
8516
5281
8377
6759
8224
6423
1437
6150
8708
9814
5477
2924
8939
5848
6777
5683
8889
6537
7757
3065
5392
1497
1145
2978
2418
6535
2064
8573
7546
8847
8280
2293
1655
9457
8782
2917
7049
506
1104
1687
1338
739
4817
5739
5838
2525
4186
6534
6165
364
8066
9260
4768
33
3945
5364
4808
309
8931
4558
9835
6427
9349
359
2007
4512
1384
6712
8448
6888
5775
7985
2393
6948
9256
2251
443
1151
8689
9892
3563
2444
9841
6625
5597
7609
4060
3390
7624
73
8565
8510
5821
27
4699
2066
6488
9974
3551
1536
344
2762
5254
548
1141
2919
4941
4167
5173
6572
9463
733
6346
1249
6915
4231
3540
85
9465
8950
8451
8850
5183
4753
6304
2635
5919
7457
3594
5394
7949
2265
7028
6821
450
5501
4705
2298
1778
3394
258
2377
5915
2843
6975
4270
1598
3405
5927
9900
9682
8163
8206
5809
3520
8023
9259
629
108
9055
7042
4012
8766
4666
6101
8625
9047
9836
425
1556
7250
7854
1671
8966
5025
4258
8313
6366
6838
1055
6195
3724
9545
4039
7420
5227
4366
4784
1702
7825
7879
5721
7048
9173
7801
1501
899
9758
6610
3514
7568
89
9653
7683
2676
8354
5115
8677
2796
735
7656
8079
7352
6240
6041
4462
4496
8095
4047
1372
6455
8360
8057
1256
7430
8707
7169
4894
1270
5241
9671
765
6371
5109
5762
9389
6274
9662
1941
4044
81
8426
1752
7527
3477
6017
1836
1261
4387
751
7149
1405
8088
5288
1814
1694
4995
6580
8641
9834
6324
3905
7512
7402
624
6151
7524
6380
1179
6322
5598
9618
6752
8765
3008
7447
9061
6471
2651
3927
6801
483
5852
3216
6476
2970
8585
5625
236
9534
9338
6418
5246
3733
702
5701
2460
4087
3526
4320
2200
8605
4105
6243
6008
1498
2983
9522
715
3626
7869
1126
2813
3230
903
380
8973
6044
9148
3324
3848
2710
6341
9135
7389
9345
8686
1698
8466
8179
435
2475
2407
7207
617
3183
6542
492
4216
1904
9028
8902
5253
6220
5643
7913
9313
675
9869
2271
406
9990
8425
8946
8608
3493
9840
4747
6757
3974
5135
3288
3913
8923
67
9614
8919
5957
6626
8103
3467
8014
5930
2058
68
5178
6287
1264
4101
8780
1532
3126
8097
5124
9011
4962
4404
1058
6751
8977
9644
8752
9421
7148
6805
4665
3494
4132
5694
9223
2389
7023
575
4501
7373
5142
4170
835
4533
7890
3268
3150
9566
543
6285
3687
7248
1400
4870
6671
7264
1753
8105
1589
3929
8274
5983
6877
3952
330
921
9876
2739
7688
1479
6622
970
2146
6723
3939
1096
374
755
8505
9341
2014
9224
7887
3845
4963
1748
1599
3510
1464
6868
4041
9107
7329
4842
3113
8741
3677
6687
5251
3872
7468
8855
4497
9029
9633
6947
8936
1900
3396
3503
7359
8294
6919
3819
2707
8437
3463
8026
3236
3445
7074
7371
202
588
9759
4459
7536
8275
2371
145
5015
4053
2219
4532
986
498
6196
6685
1390
4985
468
6768
5022
3622
613
9213
5650
9953
8542
9548
3670
4680
4
6374
6991
6326
8491
8802
6035
5882
2055
6725
3037
2546
5772
7531
6000
8663
6109
2682
7645
250
5953
3226
9494
266
5767
7463
7873
6417
9109
7478
8217
8501
1050
9649
7318
5974
1440
6479
5753
5035
4749
601
6753
3800
3442
7782
9542
2104
4111
8361
6567
822
6357
5529
6728
9891
9962
7666
9868
9939
9629
7252
5492
6247
3076
7055
5749
2553
3273
3057
237
1343
2430
5177
3683
1252
4361
2235
8326
9321
2512
1950
9021
5581
7504
1965
5470
5726
6889
8164
8211
2434
9424
3611
8482
5037
7933
5478
4924
3718
4473
6831
2661
7200
3737
8041
4389
1468
7384
2882
3768
976
2898
9439
2838
1763
5482
1369
4546
3282
3145
2375
2176
8434
1535
615
2699
3512
1951
8257
9696
6129
3955
1880
8369
1612
7351
1109
6370
5916
6103
5707
3460
3641
6068
1594
9117
4611
8820
5182
177
6630
9738
6976
1411
6525
8177
8541
2567
5624
8742
4373
8819
1286
121
2006
64
7856
7040
2847
1974
6359
4646
7834
7677
1111
694
3617
6160
4260
4610
4724
3681
5335
7885
8454
7276
9261
3796
8386
8607
7599
8726
7133
4888
667
8515
6595
5261
385
5197
7578
3825
2920
2111
4695
8315
397
9299
8552
851
3504
1084
2916
5005
1153
4543
7057
396
3567
3781
2568
1347
2667
267
9526
8383
5705
7375
1982
149
2167
2677
3278
954
4716
3432
460
228
8570
664
4791
3403
1054
3829
2685
157
8169
3119
1711
6694
7702
9985
9482
9269
2701
3102
1300
1640
7054
3367
5278
7768
7892
2824
2734
8068
3121
6585
9433
2373
1553
4971
5924
3321
1574
7694
6348
5238
3912
3894
7488
3291
4583
1754
7585
5165
1200
6077
4845
307
3597
2686
6375
4290
6039
4640
9978
7482
5959
9675
8828
1520
9622
8564
2788
9630
2974
621
6699
2361
8896
2905
1920
8908
2458
4755
7226
133
2119
4278
1181
6398
3977
7091
7259
8296
1544
6899
7027
4531
9921
2804
6106
57
2600
1500
1540
2046
7944
2662
7381
4215
5689
6107
6810
7747
7845
6824
5647
7278
8514
9683
404
3954
7713
2197
622
9611
3446
4282
8376
3862
3696
4158
1762
2636
8
1811
1692
8264
9826
6943
4684
3535
8586
6842
6259
4816
8012
5230
1531
9594
5547
7016
7052
6449
7269
1670
1560
8893
3185
4304
7301
2045
9366
5088
6936
6307
1949
4177
1732
8430
2944
8362
7382
6382
8085
8416
811
948
3851
7173
6119
8574
680
1513
1624
43
6397
6367
9589
3124
2365
9888
3434
8884
1913
4247
6582
3344
7401
9838
4968
493
4772
6872
1386
6258
8826
1923
783
6732
4029
1795
7706
7214
8324
5801
4569
3534
8223
8144
7116
1159
6329
8636
6315
5853
5932
7367
1728
4014
4789
6155
6660
9016
6400
1241
402
2603
2454
8135
9192
967
8082
4656
1027
4479
5498
7142
5576
9825
3608
1229
4027
6845
760
6055
6063
2628
2529
7548
1802
2972
4555
6037
9791
9986
3347
5460
6066
4502
7073
3317
2076
5384
8762
5922
4970
9128
9538
5137
272
3979
1793
5443
7277
9772
523
2009
5958
6575
4330
7390
9002
7369
2423
3522
2177
312
4776
7570
1804
7758
333
616
4227
3423
9839
3832
5609
1435
9774
9748
279
7152
3304
7232
1663
808
2018
2588
4549
2999
857
1860
5082
5975
2957
3309
2918
5280
9470
6276
3605
7498
3327
9879
5217
4173
8710
3940
2043
8555
2178
5184
9451
8783
9124
5594
28
731
7539
7673
3787
5329
1851
6986
7929
180
6619
6422
1223
6512
4885
7562
893
2350
9689
670
8724
4536
6099
9337
4603
9285
6645
937
7145
8405
6006
1575
2211
2991
7547
7838
9175
8551
9441
3937
2897
3918
818
9329
3069
5346
3766
1926
9901
1112
5488
8373
4859
348
8775
3855
4088
7804
6472
6363
3388
4944
3839
6128
2333
9773
76
2719
2558
2822
6361
5554
8734
6199
1524
7304
4191
1450
4057
7241
7157
7721
5844
8456
3546
2913
2811
3549
7755
2616
7791
653
5992
6079
7699
5793
2711
9198
4217
9403
2854
8037
3385
123
8753
1011
8117
8965
4196
4110
8629
5628
2483
1939
574
8230
6481
6686
7786
8389
2561
2557
2747
4981
5408
1354
1936
6234
2626
1751
5966
5325
4302
973
4438
7134
3964
6241
8151
3227
1580
5855
8582
3834
6468
2257
5591
827
3600
775
7965
4003
1704
5009
7087
3997
2465
9560
1373
31
1446
3489
9120
8298
319
5693
4187
4104
9440
473
3022
2808
7004
1218
5539
8881
3950
3969
9031
2914
896
6927
1674
8381
182
9709
8596
3031
5548
3359
9786
8300
2870
2899
4796
6435
1413
5854
524
2795
8134
8810
3159
4897
428
863
1375
4829
8251
3080
4236
72
4474
3371
6999
5706
7192
2313
4225
6900
2901
9859
3439
9246
1680
7584
9898
3361
3449
1340
7316
1683
6492
8784
681
5988
5635
6409
920
53
8062
2253
6261
5018
9790
4672
6016
5079
8045
3333
9573
3280
8201
1445
7615
2124
6511
7934
8124
2949
5877
4385
1183
2316
5626
5263
2079
3537
1409
8332
6733
8978
894
1120
8427
3702
3857
2611
4751
7712
8433
9811
1115
2515
8176
4180
2508
1453
4750
5313
2608
8750
1947
7859
826
4522
2649
8757
373
9932
4834
5692
7071
142
3376
2942
3576
6672
4286
7014
5985
7123
2890
3521
2517
273
6312
1821
3660
7166
563
2538
2431
2138
1394
8499
1279
7343
9459
1485
6328
2310
2214
5075
3316
3553
357
4425
704
1502
6901
5405
5466
3901
3204
9221
1329
2144
5811
1541
567
4222
8646
7191
9661
8737
3028
9295
9289
434
2745
8825
4987
1749
2150
7660
5432
7644
858
8846
7311
4223
2075
7449
803
2941
9501
6739
415
2042
1499
5569
9627
6009
4050
1713
8833
5134
303
5584
5508
8732
6807
2697
5393
8318
651
9356
8566
2456
9027
2403
1482
7927
8593
7407
1970
393
9685
1776
8688
7110
6607
325
7084
9874
1060
881
6684
3287
2355
7608
5176
7860
21
1177